11111111441441114411444144144144411
11441441441144111121114114441441411
14411414141141112222211441141441411
11441441444144112222141141144144141
11414441411111112222211141141414411
11144141414141122221111414441414111
11111144554455445541444144414414411
44545444544544544544445444444544445
55555555555555555555555555555555555
55555555555555555555555555555555555
45445444544454445444544444544454544
11411144414441441441141414414414411
66666666666711422222222222222222222
33333333333814122222222222222222222
33333333333814122222222222222222222
33333333333811122222222222222222222
33333333333811422222222222222222222
33333333333811122222222222222222222